100
1 [73]
2 [43,61,65,85]
3 []
4 [13,19,31,55]
5 []
6 []
7 [33]
8 [10,23]
9 [33,44]
10 []
11 [13,25,27,67,82]
12 [24,26,41,53,74]
13 []
14 [41,53,60,65,77]
15 [55,97]
16 [18,36,97]
17 [61,83]
18 [33,34,50,68,74]
19 []
20 [27,37,39,79,99]
21 [57]
22 [33,52,55,63,84]
23 [51,71]
24 [59,62,79]
25 [44]
26 [50,65,74,95,100]
27 [34,72,79,80,83]
28 [54,78,83]
29 []
30 [34,41,47,83,96]
31 [72]
32 [38,45,63,75,80]
33 []
34 [59,77]
35 [51,65,87]
36 [53,54,66,78,81]
37 [45,73,93]
38 [82]
39 [70,71,73,81,88]
40 [72,74]
41 []
42 [97]
43 [50,57,91]
44 [55,61]
45 [81]
46 [50,56,84]
47 [53,55,68,71]
48 []
49 [50,53,82,87]
50 [57,62,74,100]
51 [94,97,100]
52 []
53 [68,81]
54 [80]
55 []
56 [87]
57 []
58 [59,86,96,98]
59 [73,85]
60 [70,81,91]
61 [64,65,75,100]
62 [97]
63 [64,81,84,86,90]
64 [79,92,93]
65 [68]
66 [81,84,85,89]
67 [76,82,89,92,95]
68 [85,97]
69 []
70 []
71 [76,79,89]
72 [89,98]
73 [80,83]
74 [81]
75 [80,85,93,97]
76 [84,97,100]
77 [97,100]
78 [79,84,86,88,98]
79 [81,99]
80 [81]
81 []
82 [86,96,97,98]
83 [90,91,94,95,99]
84 [96,97,100]
85 [92,96,98]
86 [88,94,96]
87 [90,97]
88 []
89 [91,93,94,97,99]
90 [91,93]
91 [92,93,94,96]
92 [96,99]
93 [94]
94 [97,98,99,100]
95 [96,97,99]
96 [97,98,99,100]
97 [98,99]
98 []
99 []
100 []
